-0.5 -0.6 0 0 0 0 0
-0.510509 -0.60082 0.116757 -0.0421783 0.233514 -0.0843565 0.5
-0.514747 -0.601466 0.185508 -0.0435775 0.687513 -0.0139928 0.1
-0.5194 -0.602321 0.178345 -0.0510483 -0.0716305 -0.0747074 0.1
-0.53067 -0.60577 0.422077 -0.0434752 0.974927 0.0302924 0.25
-0.540022 -0.612165 0.795442 -0.032488 1.24455 0.036624 0.3
-0.544312 -0.617679 1.08393 -0.00755615 0.824258 0.0712338 0.35
-0.545 -0.619348 1.31027 -0.00278035 0.646684 0.0136451 0.35
-0.54622 -0.62235 1.11145 -0.0231752 -0.795293 -0.0815796 0.25
-0.547714 -0.625331 1.07526 0.00835672 -0.080426 0.070071 0.45
-0.546327 -0.621697 1.30202 0.0228246 0.907058 0.0578715 0.25
-0.545702 -0.618353 1.47066 0.0225834 1.12427 -0.00160819 0.15
-0.545252 -0.613154 1.49895 0.019162 0.113152 -0.0136856 0.25
-0.542736 -0.601844 1.24121 0.0472221 -0.736387 0.0801717 0.35
-0.54077 -0.59707 1.12225 0.0560923 -1.18968 0.0887026 0.1
-0.528075 -0.58178 0.658488 0.0775818 -1.54586 0.0716316 0.3
-0.507225 -0.570675 0.303274 0.0581156 -1.0149 -0.0556176 0.35
-0.472326 -0.557783 0.397547 0.0907521 0.188546 0.0652729 0.5
-0.463979 -0.55436 0.380806 0.089694 -0.167415 -0.0105812 0.1
-0.429723 -0.544471 0.162673 0.0532018 -0.436266 -0.0729843 0.5
-0.418327 -0.543891 -0.0559082 0.061133 -1.0929 0.0396557 0.2
-0.380676 -0.540759 0.205066 0.0904162 0.521949 0.0585665 0.5
-0.366442 -0.539142 0.0244388 0.100839 -1.20418 0.0694873 0.15
-0.345726 -0.536485 0.228225 0.108384 1.01893 0.0377231 0.2
-0.340497 -0.535087 0.294218 0.108167 1.31985 -0.00433764 0.05
-0.324001 -0.530957 0.197923 0.118657 -0.641966 0.0699342 0.15
-0.275143 -0.536793 -0.425041 0.131386 -1.55741 0.0318209 0.4
-0.209131 -0.543123 0.207698 0.168297 1.40609 0.0820247 0.45
-0.170409 -0.536698 0.119031 0.145822 -0.354665 -0.0898984 0.25
-0.148852 -0.534585 0.0761997 0.142996 -0.285544 -0.0188436 0.15
-0.0963042 -0.540829 -0.322541 0.123351 -0.996853 -0.0491117 0.4
-0.0285067 -0.54737 0.115265 0.151279 0.875612 0.0558567 0.5
0.0228055 -0.53636 0.307966 0.149073 0.550575 -0.00630428 0.35
0.0450245 -0.530908 0.174249 0.156194 -0.891444 0.0474726 0.15
0.0680791 -0.525864 0.256334 0.158561 0.547229 0.0157809 0.15
0.0921753 -0.522335 0.0363589 0.166804 -1.4665 0.054953 0.15
0.108356 -0.52221 -0.0213871 0.15687 -0.57746 -0.0993405 0.1
0.132744 -0.520844 0.131371 0.169127 1.01838 0.0817184 0.15
0.196961 -0.51324 0.103915 0.154213 -0.0686402 -0.0372869 0.4
0.238477 -0.501035 0.475794 0.135938 1.2396 -0.0609159 0.3
0.30159 -0.485408 0.00399509 0.126564 -0.943597 -0.0187475 0.5
0.332232 -0.485324 0.00146513 0.118577 -0.0101199 -0.0319499 0.25
0.37281 -0.489723 -0.229746 0.085954 -0.578027 -0.0815565 0.4
0.377021 -0.490829 -0.283731 0.088196 -1.0797 0.0448415 0.05
0.399235 -0.50253 -0.717787 0.0563891 -1.24016 -0.090877 0.35
0.411879 -0.524315 -1.39436 0.046304 -1.35314 -0.0201701 0.5
0.414695 -0.5347 -1.10814 -0.00317876 0.572439 -0.0989656 0.5
0.411526 -0.530382 -0.838635 -0.0275021 0.770007 -0.0694951 0.35
0.402763 -0.521626 -0.742019 -0.0551151 0.322052 -0.0920436 0.3
0.38364 -0.50675 -0.590584 -0.083457 0.432672 -0.0809769 0.35
0.35853 -0.479983 -1.02971 -0.101532 -1.09782 -0.0451878 0.4
0.347859 -0.454401 -1.31324 -0.120953 -1.13413 -0.0776824 0.25
0.339319 -0.401317 -1.51004 -0.118397 -0.437317 0.0056801 0.45
0.324864 -0.348643 -1.08517 -0.101739 0.849722 0.0333156 0.5
0.319017 -0.289891 -1.81913 -0.139767 -1.46792 -0.0760557 0.5
0.341109 -0.247097 -2.27663 -0.137853 -1.30712 0.00546887 0.35
0.376371 -0.211145 -2.41443 -0.150137 -0.393723 -0.0350995 0.35
0.413652 -0.166417 -2.11408 -0.142096 0.750886 0.0201027 0.4
0.420313 -0.15422 -2.02655 -0.135939 0.875294 0.0615732 0.1
0.441804 -0.0917178 -1.78362 -0.158532 0.539832 -0.050206 0.45
0.443262 -0.083836 -1.72421 -0.162142 1.18821 -0.0722096 0.05
0.440754 -0.028122 -1.32595 -0.158662 1.13789 0.00994397 0.35
0.426587 0.0371849 -1.38737 -0.17552 -0.153549 -0.0421453 0.4
0.403409 0.0873243 -0.87094 -0.143645 1.47551 0.0910705 0.35
0.377671 0.140006 -1.35692 -0.152426 -1.21494 -0.021953 0.4
0.385778 0.21442 -2.00185 -0.152241 -1.28987 0.000370681 0.5
0.395567 0.245089 -1.76216 -0.170467 1.19847 -0.0911313 0.2
0.399966 0.290364 -1.57714 -0.193959 0.740087 -0.0939651 0.25
0.401228 0.309563 -1.69608 -0.191073 -1.18942 0.028858 0.1
0.410187 0.391232 -1.66476 -0.219736 0.0782889 -0.0716567 0.4
0.449229 0.474063 -2.37141 -0.195833 -1.57034 0.0531166 0.45
0.525177 0.512933 -2.96923 -0.189056 -1.32848 0.015061 0.45
0.563028 0.516634 -3.11866 -0.191615 -0.747132 -0.0127952 0.2
0.57258 0.516754 -3.13938 -0.19052 -0.414437 0.0218957 0.05
0.659407 0.522682 -3.00323 -0.157861 0.272304 0.065317 0.5
0.698765 0.527063 -3.0582 -0.158987 -0.21989 -0.00450404 0.25
0.721727 0.529596 -3.00461 -0.149076 0.357286 0.0660727 0.15
0.787044 0.547922 -2.72257 -0.123178 0.564078 0.051797 0.5
0.79807 0.552654 -2.75005 -0.116791 -0.274845 0.063871 0.1
0.836377 0.560854 -3.13519 -0.0802882 -0.962847 0.0912565 0.4
0.863615 0.569299 -2.5244 -0.0645276 1.52698 0.0394017 0.4
0.877648 0.580809 -2.38183 -0.056568 0.475228 0.026532 0.3
0.886928 0.589166 -2.44236 -0.0267055 -0.201775 0.0995415 0.3
0.890502 0.592039 -2.50137 -0.0038697 -0.196689 0.0761193 0.3
0.89052 0.592038 -2.37201 0.00370496 0.862359 0.0504977 0.15
0.891403 0.594217 -1.84142 -0.0141574 1.17909 -0.0396941 0.45
0.891621 0.599431 -1.34923 -0.00926922 1.09377 0.0108626 0.45
0.890348 0.603158 -1.1603 -0.0222843 0.755703 -0.0520604 0.25
0.888393 0.607559 -1.14551 -0.025869 0.0739344 -0.0179236 0.2
0.878049 0.617944 -0.46023 -0.0339183 1.37057 -0.0160984 0.5
0.869478 0.620792 -0.0990248 -0.0064074 0.802677 0.0611352 0.45
0.86521 0.621224 -0.102541 -0.0126566 -0.0078145 -0.013887 0.45
0.866945 0.621377 0.0629059 0.0213203 0.413618 0.0849422 0.4
0.868922 0.621385 -0.0576905 0.0182573 -1.20596 -0.0306306 0.1
