-0.75 -0.75 0 0 0 0 0
-0.746449 -0.75104 -0.427287 0.0247914 -1.42429 0.0826379 0.3
-0.733443 -0.757998 -0.539729 0.0595384 -0.321261 0.0992773 0.35
-0.721308 -0.763876 -0.369152 0.0754617 0.852885 0.0796165 0.2
-0.688038 -0.780978 -0.567574 0.111883 -0.496057 0.0910524 0.4
-0.630209 -0.810966 -0.397296 0.148999 0.340557 0.0742325 0.5
-0.603555 -0.821807 -0.375009 0.138746 0.111431 -0.0512631 0.2
-0.54525 -0.827344 0.195518 0.125113 1.26784 -0.0302973 0.45
-0.507793 -0.812818 0.536361 0.144018 1.13614 0.0630194 0.3
-0.494678 -0.805977 0.426197 0.151986 -1.10164 0.0796728 0.1
-0.43622 -0.788085 0.168539 0.154534 -0.644146 0.00637134 0.4
-0.420388 -0.786227 0.0662443 0.164414 -1.02294 0.0987934 0.1
-0.403702 -0.785044 0.0751648 0.170144 0.0892046 0.0573055 0.1
-0.369965 -0.782628 0.0678526 0.168092 -0.0365609 -0.0102589 0.2
-0.352728 -0.782311 -0.0303414 0.176849 -0.98194 0.0875623 0.1
-0.326713 -0.782656 0.00407527 0.170057 0.229445 -0.0452771 0.15
-0.253732 -0.78036 0.0597043 0.154508 0.12362 -0.0345541 0.45
-0.189113 -0.773101 0.162326 0.170764 0.256555 0.0406415 0.4
-0.112605 -0.728594 0.87801 0.190946 1.43137 0.0403637 0.5
-0.0838702 -0.67894 1.21368 0.193315 1.11891 0.00789553 0.3
-0.0730969 -0.652306 1.15898 0.189796 -0.364702 -0.0234565 0.15
-0.0410223 -0.592006 1.00635 0.200868 -0.436066 0.0316348 0.35
0.0143556 -0.534819 0.596267 0.199962 -1.02522 -0.00226704 0.4
0.0713831 -0.507477 0.303274 0.223174 -0.976644 0.0773737 0.3
0.16973 -0.504839 -0.251089 0.219731 -1.23192 -0.00765145 0.45
0.191653 -0.509603 -0.177417 0.229061 0.736725 0.0933037 0.1
0.267891 -0.51181 0.124289 0.208422 0.862016 -0.0589677 0.35
0.278287 -0.51029 0.166001 0.211896 0.834242 0.0694826 0.05
0.369702 -0.463747 0.779308 0.204928 1.22661 -0.0139376 0.5
0.426523 -0.411787 0.703899 0.235156 -0.215453 0.0863667 0.35
0.444906 -0.396959 0.653664 0.237253 -0.50235 0.0209734 0.1
0.485828 -0.369654 0.5247 0.25504 -0.644822 0.0889336 0.2
0.518394 -0.348313 0.634857 0.264377 0.734384 0.0622487 0.15
0.602356 -0.308154 0.258877 0.270607 -1.07423 0.0177979 0.35
0.720218 -0.264664 0.446104 0.28856 0.416061 0.039896 0.45
0.746534 -0.253643 0.346708 0.282284 -0.993965 -0.0627545 0.1
0.834987 -0.199807 0.739962 0.313249 1.12358 0.0884699 0.35
0.858082 -0.178069 0.770206 0.321098 0.302442 0.0784926 0.1
0.929137 -0.0797791 1.12585 0.288526 0.889102 -0.0814312 0.4
0.944706 -0.0391194 1.284 0.292594 1.05435 0.0271241 0.15
0.949262 -0.0253275 1.21941 0.288494 -1.29172 -0.0820108 0.05
0.963218 0.0447318 1.52949 0.28529 1.2403 -0.012816 0.25
0.945343 0.154932 1.93577 0.276771 1.01571 -0.0212976 0.4
0.928273 0.193745 2.03379 0.288805 0.653429 0.0802262 0.15
0.921842 0.206539 2.03937 0.283955 0.111743 -0.0969941 0.05
0.888438 0.282672 1.92825 0.270586 -0.3704 -0.0445612 0.3
0.85088 0.349742 2.23968 0.24396 1.0381 -0.0887538 0.3
0.807301 0.407787 2.18977 0.23998 -0.166389 -0.0132673 0.3
0.777876 0.44559 2.27472 0.239211 0.424739 -0.00384703 0.2
0.705155 0.526595 2.33186 0.19628 0.114296 -0.0858611 0.5
0.698185 0.533392 2.40596 0.193242 1.48192 -0.0607614 0.05
0.659939 0.557625 2.75486 0.170813 1.39561 -0.0897167 0.25
0.636811 0.566724 2.77892 0.16058 0.16035 -0.0682191 0.15
0.584411 0.612712 2.03217 0.124843 -1.49348 -0.0714744 0.5
0.57891 0.66318 1.27541 0.0830844 -1.51352 -0.083517 0.5
0.580559 0.689909 1.75511 0.0714164 1.37057 -0.0333372 0.35
0.568972 0.719484 2.14864 0.0564573 0.787052 -0.0299181 0.5
0.55966 0.731517 2.34119 0.0197291 0.481372 -0.0918204 0.4
0.55046 0.745466 2.01184 0.0473974 -0.658708 0.0553366 0.5
0.547795 0.758622 1.49067 0.0301654 -1.48904 -0.0492342 0.35
0.548065 0.761129 1.43263 0.0202837 -0.580387 -0.0988168 0.1
0.548597 0.763627 1.27915 0.0137956 -1.02324 -0.0432546 0.15
0.549037 0.764788 1.13338 0.01105 -1.45768 -0.0274552 0.1
0.558479 0.77375 0.507286 0.0417847 -1.25219 0.0614694 0.5
0.584097 0.784842 0.329341 0.0824459 -0.395435 0.0903582 0.45
0.620159 0.800724 0.491538 0.11479 0.405493 0.0808598 0.4
0.665405 0.818956 0.270326 0.102459 -0.491583 -0.0274014 0.45
0.700081 0.826662 0.161506 0.0752374 -0.272049 -0.0680543 0.4
0.721126 0.828443 0.00380177 0.0657059 -0.525681 -0.0317719 0.3
0.743556 0.828608 0.0109328 0.0624711 0.0203745 -0.00924219 0.35
0.749765 0.828606 -0.0114634 0.0617143 -0.223962 -0.00756821 0.1
0.755739 0.828607 0.0119919 0.0577664 0.234552 -0.0394786 0.1
