-1.5708 0 0 0
-1.57376 -0.118493 -2.37957 0.05
-1.58001 -0.130995 -0.309301 0.05
-1.58296 -0.163126 -1.71089 0.02
-1.60154 -0.29906 -1.90071 0.08
-1.6322 -0.463374 -2.49499 0.08
-1.66164 -0.515249 -1.60809 0.06
-1.71824 -0.607407 -2.07998 0.1
-1.78501 -0.717295 -2.85397 0.1
-1.85703 -0.7117 -2.37313 0.1
-1.92802 -0.697034 -2.95583 0.1
-1.96936 -0.331353 0.929532 0.08
-1.99186 -0.115427 -1.76555 0.1
-1.99314 -0.0124607 1.13138 0.02
-1.98898 0.178778 -0.184855 0.05
-1.96213 0.489297 -0.000183224 0.08
-1.94498 0.652993 1.78902 0.03
-1.92402 0.743135 -0.487063 0.03
-1.84411 1.02158 0.05195 0.09
-1.71715 1.49721 2.67621 0.1
-1.58542 1.779 2.71586 0.08
-1.4164 1.95206 2.59446 0.09
-1.33832 1.94679 1.7537 0.04
-1.24089 1.94294 2.64432 0.05
-1.12556 1.89076 2.83811 0.06
-1.0512 1.82292 2.85612 0.04
-0.924652 1.32709 -0.774786 0.08
-0.816101 0.830376 1.38366 0.1
-0.762167 0.362522 1.73594 0.09
-0.749307 -0.106757 2.47283 0.1
-0.773087 -0.684304 -2.50389 0.06
-0.829771 -1.20117 -1.77249 0.06
-0.910641 -1.48845 1.54523 0.06
-0.994541 -1.86197 -1.77396 0.05
-1.14043 -2.2916 -1.38862 0.07
-1.36068 -2.57215 -0.0157646 0.09
-1.60602 -2.84393 -2.1452 0.09
-1.80888 -2.92916 -2.54699 0.07
-1.98351 -2.87562 -2.24234 0.06
-2.17927 -2.69781 -2.25511 0.07
-2.4289 -2.26464 -2.24353 0.1
-2.6139 -1.41773 0.457376 0.1
-2.70168 -0.771577 -0.623936 0.08
-2.70892 -0.675403 0.72607 0.01
-2.72599 0.249452 2.59532 0.08
-2.70931 0.584002 -0.582201 0.04
-2.6017 1.56007 1.05419 0.1
-2.56828 1.78163 2.74754 0.02
-2.49233 2.01319 -2.24693 0.04
-2.25109 2.78415 0.639443 0.1
-1.97129 3.39839 1.75575 0.09
-1.86757 3.5114 0.414323 0.03
-1.76021 3.64123 1.9645 0.03
-1.68649 3.72872 2.88253 0.02
-1.37911 3.91561 2.69526 0.08
-1.26199 3.88657 1.46043 0.03
-0.880207 3.69447 2.76484 0.1
-0.532145 3.23003 2.80639 0.1
-0.258315 2.22955 -0.948216 0.1
-0.137976 1.77944 2.11473 0.06
-0.0240319 0.751383 -1.64454 0.09
-0.0170363 0.647725 -0.557843 0.01
0.00180272 0.105827 -1.02825 0.05
-0.0176913 -0.662788 -1.17045 0.07
-0.0247621 -0.751372 0.949403 0.01
-0.0628685 -1.15384 -0.26115 0.04
-0.236842 -2.32155 -1.9756 0.1
-0.361312 -2.65426 2.71828 0.05
-0.477071 -3.13061 -2.94686 0.04
-0.540948 -3.256 2.29638 0.02
-0.832471 -4.00802 -1.8096 0.08
-0.996375 -4.1787 1.71742 0.04
-1.30601 -4.63563 -2.52317 0.07
-1.39977 -4.73753 -2.97312 0.02
-1.81643 -4.46059 2.69349 0.09
-2.1647 -4.20467 -0.794118 0.08
-2.55857 -3.62756 -1.19122 0.1
-2.78567 -2.84935 2.3675 0.07
-2.95828 -2.07726 1.57433 0.07
-3.07455 -1.24322 2.18118 0.07
-3.13539 -0.277442 2.2683 0.08
-3.13349 0.331649 -1.10861 0.07
-3.09314 1.01326 1.55384 0.06
-3.05715 1.38597 2.63521 0.03
-2.89629 2.18503 -0.79744 0.09
-2.71392 3.01854 2.64459 0.07
-2.40484 3.82517 0.768938 0.09
-2.15794 4.38653 2.95262 0.06
-1.68414 5.01704 2.92228 0.1
-1.53207 5.11367 2.85304 0.03
-1.37789 5.15752 2.59305 0.03
-1.17161 5.14332 2.50222 0.04
-0.866316 5.00777 2.86944 0.06
-0.573158 4.74525 2.98365 0.06
-0.128971 4.11384 2.83962 0.1
0.212636 3.47967 2.70534 0.09
0.49903 2.89939 2.70157 0.09
0.687131 2.48698 2.218 0.07
0.711671 2.42134 0.942472 0.01
0.908582 1.97544 1.77386 0.09
1.07483 1.7395 2.7264 0.09
1.21649 1.1147 -2.25175 0.1
1.23764 1.00092 -2.38517 0.02
1.3039 0.899513 1.44461 0.07
1.33699 0.757289 -1.12988 0.04
1.38262 0.551493 -0.897168 0.07
1.42299 0.462749 0.525136 0.08
1.44104 0.441378 0.822098 0.04
1.46191 0.395014 0.238555 0.05
1.4722 0.291103 -2.45037 0.03
1.49804 0.286964 0.79317 0.09
1.52342 0.280868 0.520686 0.09
1.53816 0.0163165 -2.27476 0.1
